Model_Proj.dat
 0 # SSL Species???
 0 # Constant Buffer Dorn
1 # Number of fisheries
2 # Number of Sexes
0.09950206 # 5 year average F
1 # Author f
0.4 # SPR ABC
0.35 # SPR MSY
1 # Spawning month
19 # number of ages
1 # Fratio
# natural mortality
0.2 0.2 0.2 0.2 0.2 0.2 0.2 0.2 0.2 0.2 0.2 0.2 0.2 0.2 0.2 0.2 0.2
0.2 0.2 0.2 0.2 0.2 0.2 0.2 0.2 0.2 0.2 0.2 0.2 0.2 0.2 0.2 0.2 0.2
# Maturity females
0.0018 0.0046 0.0117 0.0296 0.0726 0.1674 0.3403 0.5698 0.7727 0.8972 0.9573 0.9829 0.9933 0.9974 0.999 0.9996 0.9998
# Maturity males
0.0018 0.0046 0.0117 0.0296 0.0726 0.1674 0.3403 0.5698 0.7727 0.8972 0.9573 0.9829 0.9933 0.9974 0.999 0.9996 0.9998
# wt spawn females
0.0213 0.0531 0.0992 0.1568 0.2224 0.2925 0.3642 0.4351 0.5035 0.5681 0.6282 0.6835 0.7338 0.7791 0.8197 0.8559 0.8879
# WtAge by sex and fishery
0.0428 0.0928 0.161 0.2413 0.3261 0.4087 0.4856 0.5561 0.6205 0.6791 0.7323 0.7805 0.8239 0.8629 0.8977 0.9287 0.9562
0.0353 0.0745 0.1268 0.1888 0.2571 0.3283 0.3999 0.4697 0.5363 0.5988 0.6565 0.7093 0.7571 0.8 0.8383 0.8724 0.9025
0.0471 0.1017 0.166 0.2299 0.2873 0.3365 0.3778 0.4122 0.4407 0.4641 0.4833 0.499 0.5117 0.5219 0.5301 0.5368 0.5421
0.0364 0.0776 0.1276 0.1806 0.2321 0.2797 0.322 0.3586 0.3895 0.4154 0.4367 0.4542 0.4684 0.4799 0.4891 0.4965 0.5025
# Selectivity by sex and fishery
8e-04 0.0034 0.0115 0.0318 0.0725 0.1372 0.2209 0.313 0.403 0.4842 0.5539 0.6118 0.6592 0.6976 0.7287 0.7538 0.7743
0.1643 0.3669 0.6479 0.9048 0.9999 1 1 1 1 1 1 1 1 1 1 1 1
0.0013 0.0066 0.0236 0.0607 0.1197 0.1927 0.2685 0.3387 0.3993 0.4494 0.4898 0.5219 0.5472 0.5672 0.5829 0.5953 0.605
0.2238 0.5142 0.847 1 1 1 1 1 1 1 1 1 1 1 1 1 1
# Numbers at age females males
148931 72248.9 252712 173452 126622 73269.1 63377.6 62855.7 49704.7 39494.8 22327.1 16870.5 13729.2 14953 10325.6 9770.35 6436.63
148930 72245.3 252618 173181 126070 72627.4 62514.3 61766.9 48778.5 38817.6 22034 16751 13737 15097.4 10534.9 10089.4 6738.43
# No Recruitments
30
# Recruitment
248889 319374 329232 310639 441983 513548 548027 1279213 520567 445935 634676 1107783 456907 1226950 315347 511697 597267 486375 544267 387460 370557 383320 532652 529778 533243 431305 402979 566227 633079 754322
# SSB 1977-2008
102061 95816.5 88583.3 85569.5 82428.9 79333.2 78038.9 79167 82535 87646.8 95375.1 106823 120708 140113 154824 169644 181610 193785 205230 216474 223005 222744 216520 211086 203570 196367 188905 182257 175338 171461 168200 165462
