 109 1065.46 -1065.46
 35 -1060.39 -1060.39
 108 1056.16 -1056.16
 34 -1051.53 -1051.53
 110 1040.51 -1040.51
 36 -1035.62 -1035.62
 97 -994.868 -994.868
 23 989.21 -989.21
 96 -983.855 -983.855
 22 978.572 -978.572
 98 -971.827 -971.827
 24 966.129 -966.129
 99 -912.737 -912.737
 25 907.556 -907.556
 107 839.978 -839.978
 33 -835.497 -835.497
 95 -791.209 -791.209
 21 787.608 -787.608
 100 -761.473 -761.473
 26 757.658 -757.658
 94 -721.58 -721.58
 20 718.577 -718.577
 104 685.859 -685.859
 30 -683.815 -683.815
 130 -659.876 -659.876
 56 655.618 -655.618
 93 -648.407 -648.407
 19 645.957 -645.957
 111 604.282 -604.282
 37 -599.106 -599.106
 127 -591.976 -591.976
 53 589.03 -589.03
 92 -580.849 -580.849
 18 578.87 -578.87
 129 -576.603 -576.603
 55 572.347 -572.347
 106 553.488 -553.488
 32 -549.388 -549.388
 105 536.259 -536.259
 31 -533.109 -533.109
 91 -518.95 -518.95
 17 517.362 -517.362
 128 -514.092 -514.092
 54 510.304 -510.304
 131 -499.378 -499.378
 57 496.014 -496.014
 112 465.698 -465.698
 38 -461.451 -461.451
 90 -458.844 -458.844
 16 457.584 -457.584
 143 -453.748 -453.748
 69 440.273 -440.273
 132 -432.211 -432.211
 101 -431.408 -431.408
 58 429.701 -429.701
 27 429.673 -429.673
 89 -400.997 -400.997
 15 400.006 -400.006
 125 391.204 -391.204
 51 -390.772 -390.772
 103 388.004 -388.004
 29 -386.412 -386.412
 113 369.14 -369.14
 39 -365.891 -365.891
 88 -347.584 -347.584
 14 346.806 -346.806
 133 -312.505 -312.505
 59 311.253 -311.253
 87 -300.207 -300.207
 13 299.592 -299.592
 86 -257.32 -257.32
 12 256.835 -256.835
 60 -223.601 -223.601
 134 223.214 -223.214
 114 207.664 -207.664
 124 207.248 -207.248
 50 -206.629 -206.629
 40 -205.359 -205.359
 144 195.952 -195.952
 43 191.882 -191.882
 117 -191.651 -191.651
 70 -189.712 -189.712
 120 176.263 -176.263
 46 -175.651 -175.651
 52 -146.185 -146.185
 126 145.735 -145.735
 44 127.297 -127.297
 118 -126.988 -126.988
 119 120.302 -120.302
 45 -119.73 -119.73
 42 117.925 -117.925
 116 -117.241 -117.241
 145 -116.019 -116.019
 71 115.529 -115.529
 48 100.381 -100.381
 122 -100.261 -100.261
 67 74.0803 -74.0803
 141 -73.5332 -73.5332
 121 73.0189 -73.0189
 47 -72.572 -72.572
 62 -54.9543 -54.9543
 136 54.8845 -54.8845
 115 49.3759 -49.3759
 41 -47.9517 -47.9517
 147 -47.3077 -47.3077
 73 47.0431 -47.0431
 49 46.9876 -46.9876
 123 -46.6996 -46.6996
 135 -35.2158 -35.2158
 61 35.0869 -35.0869
 146 26.9609 -26.9609
 72 -26.9089 -26.9089
 68 -26.8616 -26.8616
 142 25.5256 -25.5256
 148 25.3015 -25.3015
 74 -25.2582 -25.2582
 63 -24.4595 -24.4595
 137 24.2651 -24.2651
 10 22.4071 -22.4071
 84 -22.2627 -22.2627
 28 17.4568 -17.4568
 102 -17.1493 -17.1493
 11 9.18524 -9.18524
 83 8.44482 -8.44482
 9 -8.35862 -8.35862
 3 -3.64029 -3.64029
 78 2.43421 -2.43421
 4 -2.38757 -2.38757
 65 2.07236 -2.07236
 64 1.51745 -1.51745
 7 -1.46484 -1.46484
 6 -1.42822 -1.42822
 5 1.39235 -1.39235
 79 -1.31771 -1.31771
 66 -1.26349 -1.26349
 1 -1.14101 -1.14101
 2 -1.12406 -1.12406
 8 -0.784822 -0.784822
 139 0.309912 -0.309912
 85 -0.136161 -0.136161
 81 0.0913285 -0.0913285
 140 -0.0881632 -0.0881632
 77 0.0337388 -0.0337388
 138 -0.0240449 -0.0240449
 75 0.00545948 -0.00545948
 76 0.0047912 -0.0047912
 80 -0.00390856 -0.00390856
 82 0.0033507 -0.0033507
 249 0 -0
 248 0 -0
 247 0 -0
 246 0 -0
 245 0 -0
 244 0 -0
 243 0 -0
 250 0 -0
 251 0 -0
 258 0 -0
 257 0 -0
 256 0 -0
 255 0 -0
 254 0 -0
 253 0 -0
 252 0 -0
 242 0 -0
 241 0 -0
 240 0 -0
 230 0 -0
 229 0 -0
 228 0 -0
 227 0 -0
 226 0 -0
 225 0 -0
 224 0 -0
 231 0 -0
 232 0 -0
 239 0 -0
 238 0 -0
 237 0 -0
 236 0 -0
 235 0 -0
 234 0 -0
 233 0 -0
 259 0 -0
 260 0 -0
 286 0 -0
 285 0 -0
 284 0 -0
 283 0 -0
 282 0 -0
 281 0 -0
 280 0 -0
 287 0 -0
 288 0 -0
 295 0 -0
 294 0 -0
 293 0 -0
 292 0 -0
 291 0 -0
 290 0 -0
 289 0 -0
 279 0 -0
 278 0 -0
 277 0 -0
 267 0 -0
 266 0 -0
 265 0 -0
 264 0 -0
 263 0 -0
 262 0 -0
 261 0 -0
 268 0 -0
 269 0 -0
 276 0 -0
 275 0 -0
 274 0 -0
 273 0 -0
 272 0 -0
 271 0 -0
 270 0 -0
 223 0 -0
 222 0 -0
 221 0 -0
 174 0 -0
 173 0 -0
 172 0 -0
 171 0 -0
 170 0 -0
 169 0 -0
 168 0 -0
 175 0 -0
 176 0 -0
 183 0 -0
 182 0 -0
 181 0 -0
 180 0 -0
 179 0 -0
 178 0 -0
 177 0 -0
 167 0 -0
 166 0 -0
 165 0 -0
 155 0 -0
 154 0 -0
 153 0 -0
 152 0 -0
 151 0 -0
 150 0 -0
 149 0 -0
 156 0 -0
 157 0 -0
 164 0 -0
 163 0 -0
 162 0 -0
 161 0 -0
 160 0 -0
 159 0 -0
 158 0 -0
 184 0 -0
 185 0 -0
 211 0 -0
 210 0 -0
 209 0 -0
 208 0 -0
 207 0 -0
 206 0 -0
 205 0 -0
 212 0 -0
 213 0 -0
 220 0 -0
 219 0 -0
 218 0 -0
 217 0 -0
 216 0 -0
 215 0 -0
 214 0 -0
 204 0 -0
 203 0 -0
 202 0 -0
 192 0 -0
 191 0 -0
 190 0 -0
 189 0 -0
 188 0 -0
 187 0 -0
 186 0 -0
 193 0 -0
 194 0 -0
 201 0 -0
 200 0 -0
 199 0 -0
 198 0 -0
 197 0 -0
 196 0 -0
 195 0 -0
 296 0 -0
