#NUM_SEXES - Number of sexes if 1 sex=ALL elseif 2 sex=(FEMALE MALE)    
2
##NUM_FISHERIES - Number of fisheries    
1
#TOTFSHRYMORT -Fishing mortality rate by year  
0.025 0.0069 0.0101 0.0224 0.026 0.0208 0.0488 0.0669 0.0292 0.0543 0.0441 0.0178 0.0281 0.0308 0.0569 0.0257 0.0369 0.0455 0.0355 0.0221 0.0164 0.0183 0.0146 0.009 0.0478 0.0225 0.1148 0.0745 0.0699 0.0611 0.0719 0.0592 0.0673 0.0792 0.094 0.0728 0.0818 0.0734 0.0661 0.0602 0.0781 0.0741 0.0846 0.0913 0.1212 0.0985 0.1019 0.0682 0.0565 0.0865 0.0842 0.059 0.055 0.0494 0.0603 0.0874 0.0465 

#TOTALCATCH -Total catch by year in metric tons 
13864 6042 8600 10609 8417 5518 4458 5636 5208 3595 6783 3604 20245 14197 14407 13574 17006 14715 17346 20683 24387 18573 20441 17811 15575 13785 17398 16108 17981 18958 24540 19558 20127 13558 11368 17355 16512 11308 10313 9111 11007 15858 8556 #GOA_trawl_biomass_mtons
1982 1983 1984 1985 1986 1987 1988 1989 1990 1991 1992 1993 1994 1995 1996 1997 1998 1999 2000 2001 2002 2003 2004 2005 2006 2007 2008 2009 2010 2011 2012 2013 2014 2015 2016 2017 2018 2019 195048 272185 290513 269732 363208 400150 571393 529948 603587 552949 628857 618057 700088 604520 626947 795463 695296 407889 401723 524068 563230 523566 625587 622883 644948 572105 554706 425818 507047 593203 387043 499472 532886 399748 453060 549717 495345 604445 
#TOTALBIOMASS -Total biomass by year in metric tons (see age+ above) 
292923 282965 285696 292625 302842 323296 353669 399831 445518 491757 535110 580841 623432 653379 678817 694566 703447 702012 697711 685280 665748 641024 623271 606849 596052 588826 582070 575780 573649 574676 570639 558621 547609 533692 521794 512945 498096 496836 502024 516237 535775 565833 591159 618363 
#SPAWNBIOMASS -Spawning biomass by year in metric tons 
182885 182643 185674 188105 188122 187163 186430 179080 166451 157543 143056 130076 121239 112324 104669 96076 91945 87808 83862 81882 82420 85272 89908 97207 108285 121724 140791 154970 169637 181764 194308 206166 217915 224983 225332 219832 215281 208643 202217 195259 188888 182115 178385 175103 172095 166128 163890 163655 168082 172401 170257 165368 161167 156481 152668 149776 148077 #FISHERYYEAR - For Tiers 1-3 list years used in the age-structured model, for Tiers 4-6 list longest time series of years in the assessment 

1963 1964 1965 1966 1967 1968 1969 1970 1971 1972 1973 1974 1975 1976 1977 1978 1979 1980 1981 1982 1983 1984 1985 1986 1987 1988 1989 1990 1991 1992 1993 1994 1995 1996 1997 1998 1999 2000 2001 2002 2003 2004 2005 2006 2007 2008 2009 2010 2011 2012 2013 2014 2015 2016 2017 2018 2019 2020 #AGE - list of ages used in the model where applicable, NA if no ages used
1 2 3 4 5 6 7 8 9 10 11 12 13 14 15 16 17 18 19 20 21 #RECRUITMENT -Number of recruits by year (see multiplier above) 
407345 387289 373779 370386 382502 411435 439799 432138 411076 361254 458182 582151 601095 561003 811416 929246 1040710 2279570 970035 830960 1192620 2034650 864019 2265770 569001 1004990 1105780 952305 1051680 739007 681879 731088 1015860 1014230 1012890 780752 717481 1002010 1167740 1583420 338190 894896 727532 506160 642228 643181 441825 1653060 534923 1245920 1022210 2467780 952525 958335 958335 958335 958335 